====================
cycle:1	96	ADDI	R0, R1, #5

registers:
r00:	5	0	0	0	0	0	0	0
r08: 	0	0	0	0	0	0	0	0
r16: 	0	0	0	0	0	0	0	0
r24: 	0	0	0	0	0	0	0	0

data:

====================
cycle:2	100	SUBI	R2, R3, #112

registers:
r00:	5	0	-112	0	0	0	0	0
r08: 	0	0	0	0	0	0	0	0
r16: 	0	0	0	0	0	0	0	0
r24: 	0	0	0	0	0	0	0	0

data:

====================
cycle:3	104	LSR	R4, R2, #3

registers:
r00:	5	0	-112	0	536870898	0	0	0
r08: 	0	0	0	0	0	0	0	0
r16: 	0	0	0	0	0	0	0	0
r24: 	0	0	0	0	0	0	0	0

data:

====================
cycle:4	108	ASR	R5, R2, #3

registers:
r00:	5	0	-112	0	536870898	-14	0	0
r08: 	0	0	0	0	0	0	0	0
r16: 	0	0	0	0	0	0	0	0
r24: 	0	0	0	0	0	0	0	0

data:

====================
cycle:5	112	SUBI	R3, R6, #35

registers:
r00:	5	0	-112	-35	536870898	-14	0	0
r08: 	0	0	0	0	0	0	0	0
r16: 	0	0	0	0	0	0	0	0
r24: 	0	0	0	0	0	0	0	0

data:

====================
cycle:6	116	LSR	R7, R3, #1

registers:
r00:	5	0	-112	-35	536870898	-14	0	2147483630
r08: 	0	0	0	0	0	0	0	0
r16: 	0	0	0	0	0	0	0	0
r24: 	0	0	0	0	0	0	0	0

data:

====================
cycle:7	120	BREAK

registers:
r00:	5	0	-112	-35	536870898	-14	0	2147483630
r08: 	0	0	0	0	0	0	0	0
r16: 	0	0	0	0	0	0	0	0
r24: 	0	0	0	0	0	0	0	0

data:

